(825) 1465011
(215) 3704218
(339) 3820900
(238) 1562017
(661) 2966447
(247) 8313758
(149) 8220670
(239) 5412002
(814) 1272134
(723) 8002170
(373) 3651728
(611) 1810993
(482) 4382563
(233) 8335066
(394) 3431652
(290) 9136096
(899) 9605431
(838) 3025331
(916) 2702527
(160) 2238023
(593) 3707174
(584) 3490660
(664) 1345576
(478) 7047688
(483) 9194035
(175) 8034059
(992) 1981915
(103) 3037821
(810) 1827106
(961) 2800531
(635) 8789022
(234) 6699323
(656) 7267208
(300) 5310283
(531) 9685785
(225) 6021796
(747) 7725881
(778) 6888582
(930) 6598811
(756) 3129956
(582) 1134564
(122) 8892578
(665) 5969660
(338) 7678755
(698) 1306928
(389) 7013308
(630) 5610636
(816) 8883917
(411) 7038711
(558) 9522136
(362) 7005975
(100) 9090043
(671) 6780304
(321) 7983419
(455) 9381007
(176) 3539064
(219) 4123264
(856) 2565684
(634) 6291028
(415) 2462673
(757) 5887771
(453) 1603821
(641) 4822780
(215) 5292109
(774) 9000973
(721) 7140149
(859) 6087255
(940) 7511257
(783) 6104847
(337) 4403094
(273) 1141692
(294) 4146399
(703) 6876621
(857) 7046484
(242) 8057752
(227) 2403369
(618) 2606171
(728) 3773145
(315) 2712941
(108) 8030642
(603) 7129621
(276) 5064105
(491) 8079251
(222) 4244156
(242) 3110790
(273) 7262866
(648) 8961484
(489) 7683485
(827) 8977744
(531) 5090150
(953) 7261514
(398) 6793391
(325) 6872799
(703) 5472570
(833) 1287125
(155) 3556191
(704) 4310825
(520) 1482157
(113) 3161040
(553) 5363998
(438) 8748913
(498) 3509279
(875) 3227493
(408) 3855566
(835) 8308215
(696) 7747677
(893) 6116547
(786) 7032354
(506) 3688055
(921) 9364737
(545) 9282194
(190) 6120763
(876) 8835108
(226) 7086065
(672) 9298797
(581) 4158313
(929) 7346502
(711) 2265451
(549) 6641588
(958) 7882979
(940) 7754036
(703) 7538809
(882) 6957692
(597) 3544456
(494) 6721740
(627) 1840728
(853) 2726194
(136) 7770640
(515) 5699382
(743) 8885911
(194) 5062724
(643) 4076253
(490) 2367480
(336) 1124189
(380) 9220159
(515) 8175060
(215) 1402509
(241) 2709536
(507) 1456690
(805) 9353462
(591) 1657180
(981) 8567904
(490) 9368122
(709) 8996852
(236) 4092881
(533) 1647778
(599) 8701489
(389) 2347141
(460) 8753350
(760) 1939066
(819) 5735284
(598) 8032883
(617) 1109828
(775) 4537480
(760) 5646628
(246) 4748613
(747) 6324798
(201) 8022836
(222) 5756111
(973) 6611491
(831) 2950385
(158) 7274009
(621) 4738600
(635) 1267660
(291) 8752620
(891) 8467236
(242) 7539349
(489) 3005396
(888) 5859445
(803) 9608175
(628) 9040844
(190) 7482587
(683) 9242234
(841) 9539473
(690) 5240398
(865) 6071525
(599) 6099621
(811) 4945043
(632) 3846785
(271) 7178660
(542) 5008606
(403) 6779206
(210) 1940071
(747) 8469179
(919) 2518184
(107) 6613290
(772) 6119722
(636) 9227855
(413) 2911281
(767) 2103180
(202) 3638637
(404) 3230075
(269) 1043276
(336) 9680261
(405) 1481353
(712) 1297941
(216) 5050610
(214) 1062680
(124) 4588507
(185) 9556007
(575) 9778750
(987) 6193290
(714) 6021493
(880) 3571440
(380) 9158240
(607) 8160897
(407) 3799872
(690) 4438161
(715) 9623156
(660) 5068968
(920) 3720188
(728) 5258089
(209) 8527021
(344) 1408714
(777) 8095811
(435) 2027038
(489) 6050930
(153) 9125473
(783) 5362675
(772) 6471908
(321) 1783159
(735) 6956555
(481) 5979479
(813) 7111601
(284) 8261004
(502) 4074443
(919) 3289359
(889) 5807768
(134) 1864665
(796) 5882557
(517) 5108113
(866) 7973133
(230) 1125811
(439) 5959823
(138) 1574110
(140) 1051945
(484) 6178803
(586) 9090588
(341) 3365796
(452) 2419607
(788) 7832573
(685) 9165067
(467) 9907970
(721) 2233442
(418) 9246680
(267) 5367291
(374) 8333748
(980) 8254685
(500) 8064141
(977) 8451275
(995) 9636026
(673) 9502349
(860) 1469224
(702) 1087936
(331) 9255242
(406) 3167628
(439) 8692160
(812) 4589541
(984) 1193682
(110) 6054368
(722) 1024606
(676) 7814702
(397) 9665067
(179) 4724125
(626) 3044066
(995) 3928734
(484) 8572056
(137) 3661731
(210) 3011770
(209) 4900912
(234) 7065091
(920) 2039437
(165) 7575276
(895) 7573893
(324) 2828015
(514) 7701058
(695) 1469501
(159) 2519205
(301) 9639248
(753) 1025569
(373) 2687221
(747) 6187981
(941) 3502958
(212) 5783682
(640) 7640410
(796) 5565746
(774) 1526478
(153) 3123300
(639) 9769566
(877) 6622222
(486) 6226433
(439) 5279820
(834) 2873368
(942) 6810497
(342) 1527462
(619) 2354577
(516) 1498470
(972) 4686190
(666) 8728357
(868) 6014314
(686) 3582509
(413) 5029718
(729) 6248919
(380) 9128212
(410) 5120533
(842) 6503982
(969) 1035736
(873) 7786439
(584) 2442221
(284) 6070280
(620) 5256753
(280) 5208701
(984) 7989781
(970) 7550796
(955) 6896628
(330) 5322734
(378) 5713241
(797) 7032568
(495) 8899910
(175) 8768165
(822) 2364906
(133) 9933054
(980) 6718699
(237) 2610607
(294) 5987647
(642) 2192333
(585) 4697561
(769) 2996208
(768) 3576184
(150) 6296883
(723) 3050771
(728) 6269676
(899) 7743297
(605) 3478267
(251) 7067239
(436) 5194335
(859) 7447609
(348) 2550493
(299) 7249035
(508) 5069948
(263) 1376807
(424) 6612445
(190) 5097377
(695) 1148759
(846) 9562546
(788) 8774174
(818) 1198645
(684) 8886371
(564) 8944966
(742) 2269472
(415) 5643165
(889) 5814985
(453) 1845953
(499) 1082295
(391) 5822102
(961) 7116859
(264) 4475159
(339) 1118412
(855) 4457689
(467) 9426502
(761) 7295015
(291) 9949497
(754) 9928336
(109) 9749520
(741) 9881479
(997) 4324298
(786) 6646112
(481) 8712964
(954) 1523894
(849) 3219043
(144) 1607323
(843) 5722721
(627) 4660947
(416) 4739881
(638) 6873466
(385) 3198570
(648) 1264624
(443) 5410292
(819) 4753451
(554) 4421265
(400) 1883589
(815) 8006078
(516) 4904865
(273) 6038782
(799) 1811918
(815) 2337926
(162) 3956381
(292) 7601681
(433) 1272118
(512) 2927191
(329) 5513951
(694) 3566593
(711) 4003550
(189) 7324554
(601) 2579622
(601) 3530917
(602) 9643576
(394) 6078456
(781) 3731478
(489) 4453205
(293) 8958910
(306) 7021162
(542) 6419860
(656) 6851748
(159) 2074440
(610) 5572585
(957) 2161607
(274) 1787585
(935) 8383869
(701) 6641515
(228) 9979272
(423) 5507222
(289) 7517326
(762) 8450594
(667) 8567363
(436) 8759662
(656) 1276117
(607) 3474336
(884) 2617995
(198) 2080494
(228) 4279781
(906) 3549005
(424) 9239926
(936) 7578409
(600) 3965018
(420) 6677282
(201) 1116557
(482) 7275508
(998) 5307674
(543) 5963488
(766) 7796843
(714) 3543205
(520) 7934835
(968) 8545152
(929) 2367513
(702) 4192131
(431) 2694339
(283) 3156075
(325) 5250363
(660) 6359565
(774) 7220097
(813) 9662487
(753) 7269833
(702) 4555208
(581) 7921901
(668) 9205013
(255) 3401505
(623) 2928129
(799) 7305407
(251) 7678654
(310) 8457927
(522) 2723826
(385) 6116178
(933) 5393591
(947) 3230307
(245) 2167564
(188) 4207894
(306) 9584188
(453) 7343167
(806) 2126181
(555) 1440752
(540) 1113970
(488) 5892707
(107) 3526697
(639) 2334830
(821) 4693056
(662) 3212122
(481) 9045940
(314) 6488928
(729) 6418790
(817) 9756693
(868) 4710035
(976) 7967782
(966) 3060577
(566) 4731983
(901) 2240370
(360) 3573109
(479) 3866133
(865) 1338709
(182) 3461338
(422) 5439179
(540) 9685420
(259) 7457479
(430) 7696534
(629) 8265991
(903) 9145221
(852) 4713459
(783) 5955049
(726) 6538880
(353) 3226619
(440) 4074146
(637) 9069113
(915) 7287283
(458) 1234073
(339) 4788924
(804) 3124381
(978) 5075558
(352) 7843743
(553) 6425143
(278) 2427712
(280) 6190133
(174) 4832824
(135) 9511599
(349) 9986381
(214) 2471662
(927) 9755404
(971) 2596622
(286) 1015903
(418) 9057165
(817) 9922053
(472) 1638215
(484) 3850860
(496) 3493893
(871) 2177997
(213) 8812039
(647) 5598675
(378) 5605555
(914) 5412033
(456) 6531438
(576) 3153624
(332) 4422150
(336) 3065728
(507) 2557965
(380) 2199132
(669) 5356645
(668) 2430452
(288) 8925644
(913) 5320836
(473) 5458989
(484) 5258342
(842) 4789264
(632) 7871073
(331) 4151187
(768) 1015317
(726) 4799127
(200) 7244003
(195) 2581616
(579) 1522486
(484) 1495413
(825) 2203691
(558) 9942970
(894) 9263080
(804) 1214559
(330) 6687987
(476) 5190465
(145) 4173808
(506) 3829730
(425) 5019286
(604) 7467500
(874) 9632041
(401) 4659480
(785) 8204395
(397) 9680067
(678) 7019988
(839) 9785052
(593) 4018453
(341) 4271240
(930) 6064413
(970) 7985305
(928) 9457188
(641) 3599204
(760) 6884015
(202) 1272531
(971) 8931318
(939) 8988062
(715) 4730670
(440) 9973552
(152) 7185043
(211) 2495235
(954) 9123042
(414) 5044686
(797) 7383383
(476) 8535758
(867) 7145980
(566) 8778280
(890) 3556468
(792) 4461745
(608) 6531329
(972) 5007172
(920) 2452059
(874) 3552236
(119) 6590785
(193) 2746093
(518) 1061071
(845) 3595444
(136) 2344307
(660) 3658418
(643) 7518962
(245) 2757750
(455) 1105712
(363) 3387557
(787) 6094549
(868) 4155310
(201) 9631938
(173) 2979315
(352) 3953631
(131) 7837456
(483) 6792630
(212) 4110322
(485) 2807676
(648) 1157507
(624) 6751591
(861) 4718570
(731) 3175426
(335) 3472568
(633) 2573409
(690) 6063022
(119) 2189859
(489) 3961385
(605) 6647557
(306) 6900195
(789) 6582141
(672) 1649529
(630) 1363038
(336) 4182115
(501) 7061463
(410) 7864177
(828) 9871355
(205) 5849674
(716) 1427008
(716) 1756678
(173) 3099013
(817) 3603159
(205) 8830089
(459) 3168272
(581) 3242339
(311) 9319608
(334) 8727554
(786) 3678322
(293) 2981993
(311) 1169850
(564) 2994349
(527) 6311888
(360) 2165739
(297) 2952456
(983) 2774305
(262) 6456136
(906) 4488058
(660) 1194651
(116) 7359518
(317) 2198248
(149) 3129022
(218) 2286271
(918) 3787361
(923) 2117421
(621) 9360432
(947) 3685235
(570) 9798041
(535) 9466561
(616) 6751139
(690) 5854035
(557) 3199898
(729) 2684404
(299) 7231446
(476) 1486212
(896) 8892659
(902) 9531513
(634) 8485370
(321) 7408647
(589) 4213816
(971) 8313129
(308) 2355431
(467) 2931372
(253) 1635830
(419) 9450626
(205) 3058743
(907) 2181390
(758) 9923968
(702) 8842295
(971) 3226420
(789) 3859056
(236) 2165961
(624) 8153182
(288) 7262517
(214) 2359746
(321) 3286436
(778) 8935233
(903) 4617274
(634) 4056586
(256) 5116814
(338) 8508761
(169) 2919468
(764) 9180116
(972) 2060247
(499) 8970872
(648) 8800750
(179) 2311667
(997) 8821918
(520) 1342228
(609) 4685282
(495) 4665934
(478) 4545775
(160) 4499935
(835) 4695559
(631) 9106901
(770) 5217765
(761) 4925430
(864) 2132205
(517) 4795336
(978) 1322857
(764) 1522911
(725) 9302727
(265) 7555709
(315) 7612184
(276) 7777034
(186) 9164522
(219) 1202314
(142) 2115726
(840) 3028829
(510) 3598677
(235) 3892302
(595) 5711372
(907) 1406981
(491) 1826019
(450) 1606821
(998) 3565729
(205) 2147570
(957) 8932834
(919) 8221471
(302) 3418926
(579) 9213622
(614) 6834163
(740) 8182017
(462) 3435328
(749) 4640718
(784) 2204528
(952) 2658062
(956) 4107750
(613) 9677218
(533) 6852099
(509) 6770838
(674) 7279323
(332) 8192917
(224) 9929814
(880) 8366729
(342) 2632222
(159) 5380213
(356) 4752232
(428) 6067256
(529) 5292796
(731) 6496609
(878) 3204554
(312) 8032143
(356) 5828684
(152) 5319129
(288) 3625202
(464) 8447964
(100) 2345857
(665) 8500148
(811) 6975599
(879) 2029145
(587) 7573188
(150) 6011510
(653) 9062369
(475) 7804966
(135) 9711279
(673) 3874731
(158) 7029640
(741) 2078661
(317) 5871771
(908) 2550416
(964) 4527358
(403) 3427792
(620) 3017085
(353) 9482294
(808) 5808350
(363) 4544409
(193) 1841601
(928) 2308984
(560) 3595118
(746) 7617505
(350) 4492936
(365) 9337421
(494) 4177870
(523) 6071299
(410) 2795320
(717) 7445264
(972) 8954200
(664) 2965154
(765) 7980533
(496) 7792943
(318) 6132014
(965) 1463179
(951) 8134873
(553) 6815312
(217) 6602791
(373) 2282663
(379) 7503812
(355) 4034535
(972) 1671175
(129) 1745459
(170) 1955612
(792) 9576927
(813) 7583214
(446) 5518008
(473) 6359591
(573) 5663449
(643) 5111167
(539) 4887194
(712) 4656330
(151) 1425397
(726) 1167085
(433) 9572828
(615) 1558427
(835) 7759183
(942) 1927324
(588) 1838335
(451) 1967519
(386) 2158915
(517) 2383690
(361) 7771504
(716) 1662520
(631) 3500939
(150) 9550021
(923) 8053630
(148) 6423434
(202) 1436192
(782) 7029688
(603) 4990113
(102) 3535584
(706) 8770699
(403) 1024799
(312) 6763877
(490) 2681948
(374) 9924283
(949) 4266130
(829) 5109125
(382) 7998953
(496) 8675008
(630) 6765055
(575) 1448216
(269) 1214919
(783) 6134565
(312) 3202646
(868) 9716280
(505) 2888853
(860) 6401300
(466) 7404443
(653) 9128533
(563) 8625087
(253) 5918843
(521) 9206902
(781) 9717131
(610) 4835616
(200) 8512577
(879) 8885137
(931) 5828343
(940) 6981139
(957) 4820813
(588) 9728215
(227) 3955434
(657) 4475141
(741) 8229997
(559) 8501260
(258) 1397638
(689) 6899405
(230) 5000195
(575) 7774338
(802) 8989332
(121) 1992787
(411) 9079616
(668) 1385687
(387) 8932259
(496) 3868344
(837) 1355775
(692) 2745537
(901) 2749218
(651) 4336432
(453) 2883697
(115) 8685986
(750) 2798812
(800) 3392351
(378) 8390792
(298) 2858235
(607) 1540978
(869) 6815937
(324) 3903052
(954) 9218428
(520) 9598237
(347) 1177174
(420) 8221581
(898) 1068250
(823) 5793414
(935) 6614650
(329) 8368977
(499) 2127029
(466) 4629454
(915) 2301710
(258) 9828197
(125) 9143277
(875) 9404247
(962) 4098915
(573) 4754760
(576) 7888351
(672) 1603735
(747) 7754412
(275) 6112065
(186) 1999001
(738) 9321891
(593) 7172453
(556) 7606801
(723) 8786505
(105) 4456845
(768) 6650197
(821) 2325263
(295) 6411190
(674) 2889562
(640) 8882337
(115) 5558481
(601) 9734886
(579) 1207664
(110) 1981973
(834) 1179529
(305) 1393419
(624) 7720612
(499) 2058895
(513) 7463306
(567) 1215341
(654) 2608189
(972) 2999390
(106) 9178995
(132) 6380255
(164) 1511113
(648) 4504103
(960) 1153102
(459) 3767473
(468) 4179217
(316) 3525415
(730) 6868154
(704) 3670958
(617) 1516584
(301) 7232047
(141) 1993235
(979) 9991399
(666) 6376818
(106) 6120107
(501) 4310759
(792) 6158895
(268) 4868142
(313) 5223927
(801) 5991533
(793) 6248788
(749) 2441647
(264) 9352337
(103) 7386358
(720) 9890756
(160) 3460185
(493) 1277910
(616) 7854202
(139) 5803702
(670) 7697830
(776) 3665028
(201) 8667075
(221) 8109632
(669) 6718458
(300) 1870035
(927) 9595633
(733) 9815631
(944) 7476133
(739) 6148215
(389) 7272476
(149) 5379882
(179) 4922169
(965) 9952741
(860) 2135220
(387) 5752796
(689) 7428605
(242) 5487173
(329) 3074089
(261) 2251956
(408) 2107130
(596) 9682332
(886) 8779629
(512) 5814688
(752) 7557140
(658) 8382169
(542) 9387464
(855) 6864997
(984) 3164370
(171) 8044035
(276) 3689155
(207) 8192830
(716) 8989138
(515) 3291543
(278) 3411867
(824) 5812391
(465) 5869681
(624) 4610737
(943) 7476348
(235) 5848267
(509) 4475862
(606) 3886774
(686) 6681281
(266) 3064667
(501) 3223829
(284) 3665384
(253) 7008292
(954) 7868022
(105) 2216744
(273) 3351320
(114) 1040590
(720) 3557209
(539) 4852912
(202) 4431601
(148) 3446255
(283) 1238691
(398) 3250539
(290) 8816064
(322) 1117796
(725) 9308994
(669) 2212311
(919) 3131885
(640) 3974412
(374) 7237369
(937) 2601192
(706) 6714910
(156) 8577236
(864) 9508822
(500) 9119319
(724) 7120926
(296) 4089573
(671) 6261512
(750) 7664339
(744) 1610368
(880) 8158924
(134) 7167202
(353) 3663921
(662) 5774107
(432) 3076787
(657) 7926581
(380) 3375286
(838) 4718833
(507) 3901656
(161) 1849675
(248) 1135513
(669) 3894665
(433) 2710843
(650) 7669266
(231) 8060882
(888) 8831433
(594) 8224736
(281) 9680429
(636) 3085773
(462) 7509351
(300) 9091913
(754) 9392590
(173) 1712415
(244) 4551885
(369) 7185833
(233) 4982174
(902) 2015970
(855) 4804124
(350) 6405762
(859) 4905386
(312) 4133233
(586) 1903768
(319) 2470437
(553) 2687439
(774) 6557772
(232) 8897486
(327) 6038131
(312) 6160481
(305) 2277584
(659) 6236659
(192) 7651257
(298) 4667589
(137) 6008142
(433) 9136134
(622) 8778069
(399) 1391150
(714) 1987123
(461) 3270769
(521) 1282751
(641) 6831861
(199) 2895941
(622) 1454478
(737) 1022649
(868) 7102473
(394) 4778410
(413) 7735408
(230) 1825901
(530) 2495232
(505) 7920990
(642) 1159299
(678) 5825134
(291) 5993456
(878) 2133400
(149) 8530336
(228) 9664980
(683) 6187934
(147) 2059809
(214) 5063188
(979) 3830265
(503) 5184187
(442) 9812248
(133) 5252566
(589) 4573336
(801) 2659999
(372) 5989920
(426) 9837796
(362) 2615094
(373) 7491565
(961) 1476241
(918) 4752863
(815) 2075424
(436) 6837822
(684) 3478894
(202) 2746587
(857) 5695310
(310) 3072680
(503) 2790435
(592) 3702248
(231) 9967473
(676) 3645910
(949) 3160708
(838) 2698510
(158) 4509377
(171) 2994416
(732) 8184552
(661) 3088506
(919) 3232883
(573) 7151417
(475) 8570940
(999) 3087873
(407) 3656272
(597) 2860676
(217) 4821223
(403) 9090892
(762) 3808677
(452) 6111400
(471) 1275672
(125) 2574180
(424) 8622116
(499) 7513670
(194) 6231523
(733) 1981077
(987) 1697555
(868) 9176026
(303) 7015812
(152) 8101633
(298) 3944620
(819) 6022055
(372) 7407915
(966) 8554223
(859) 3937018
(546) 7431896
(210) 8205484
(144) 7505694
(353) 4279411
(501) 3494827
(872) 6773451
(927) 1428519
(327) 5138104
(446) 4163937
(173) 2942474
(916) 4917760
(639) 6373887
(818) 5351011
(817) 2656708
(869) 8544931
(630) 6192758
(373) 1355259
(540) 2197028
(171) 8756986
(971) 9523894
(271) 4016241
(594) 2563976
(151) 2165595
(769) 3548927
(308) 8069819
(404) 8788686
(202) 9774570
(514) 1637497
(297) 3864977
(411) 6881338
(413) 1309661
(558) 4378278
(893) 8636353
(289) 4301544
(200) 6339264
(448) 2856159
(826) 4891503
(545) 6932736
(869) 7541404
(706) 5802469
(444) 2809583
(649) 7859418
(228) 4429908
(200) 5118962
(228) 6808490
(409) 5415387
(167) 8597632
(737) 5928993
(134) 6271164
(998) 6440240
(782) 8891772
(418) 4821513
(930) 7415820
(164) 3914868
(742) 7168031
(963) 3431715
(370) 1510136
(268) 3039709
(366) 8562548
(469) 2254196
(555) 7738704
(154) 1435901
(577) 8755907
(449) 7354785
(840) 3744193
(570) 5494010
(533) 4155534
(700) 2296595
(864) 8498388
(178) 8355001
(378) 9730489
(186) 8427330
(948) 3519348
(299) 9285678
(156) 1839832
(229) 1505030
(390) 4067341
(244) 5186734
(977) 1731489
(187) 7981712
(689) 6851005
(555) 8760512
(569) 9569079
(941) 7307393
(881) 5131362
(239) 8758898
(271) 2909184
(681) 2714268
(182) 3719075
(108) 2514996
(232) 7219896
(713) 8652928
(314) 1993271
(191) 5012995
(693) 4828379
(564) 8877702
(232) 4892563
(237) 7997323
(150) 1214245
(184) 8860101
(859) 2409354
(218) 4229265
(392) 5481590
(755) 8626873
(433) 4213426
(427) 4914904
(752) 7442128
(559) 1281929
(538) 3485091
(756) 6667357
(879) 5861595
(255) 2188118
(484) 2565901
(164) 7525431
(468) 7755968
(656) 1528161
(643) 7355541
(325) 1633535
(526) 6876757
(279) 5178782
(542) 6678731
(411) 9999033
(184) 6882112
(596) 3664995
(506) 4435724
(575) 7696713
(516) 1123336
(466) 4241333
(450) 6491018
(251) 6449519
(832) 4635941
(686) 9167570
(546) 4798790
(245) 9446045
(410) 9619867
(755) 9868330
(115) 4459871
(109) 3492504
(823) 5851905
(404) 1369710
(131) 8428589
(852) 1706370
(946) 4584041
(881) 9620926
(394) 3048826
(307) 6691133
(884) 3137562
(224) 6661493
(695) 6254403
(712) 1787326
(362) 4562368
(838) 3429844
(998) 4778209
(726) 3987166
(587) 4860345
(437) 5727648
(463) 1601152
(742) 2106909
(483) 6416692
(810) 9190819
(646) 5576722
(156) 2911690
(988) 7213371
(307) 8270602
(665) 8659948
(462) 8392914
(195) 7954346
(325) 6462111
(676) 9397053
(375) 4301601
(446) 5995789
(619) 7866343
(565) 2995500
(282) 5111257
(281) 7614406
(875) 2431461
(130) 4929985
(181) 1302467
(519) 4244669
(647) 7788133
(421) 8703540
(566) 4514011
(402) 1530140
(655) 9585594
(154) 3071951
(835) 8364879
(719) 8558540
(352) 7845029
(782) 7284661
(411) 9681157
(503) 9982589
(728) 7176057
(626) 5866581
(859) 8462841
(253) 7635803
(832) 1299360
(781) 2877738
(683) 2867996
(293) 1517525
(583) 8401849
(598) 6970103
(448) 4733483
(930) 1147025
(536) 3090567
(680) 3245271
(451) 9226139
(998) 8477068
(454) 9205023
(303) 5459899
(736) 5687243
(865) 3924990
(523) 1454812
(579) 9724315
(509) 9559606
(411) 8082213
(405) 1216492
(551) 4746865
(346) 7384309
(532) 9696220
(862) 8181975
(806) 2183721
(683) 2385796
(968) 8354311
(371) 3219326
(184) 7067491
(923) 7680085
(756) 7495179
(522) 9643927
(281) 3668138
(143) 7763532
(694) 9820004
(722) 9495699
(261) 2939196
(625) 1069612
(507) 1028278
(248) 5016433
(539) 9331630
(184) 8844465
(983) 5322176
(345) 6286976
(142) 8032837
(682) 9929529
(955) 2260131
(396) 9792752
(590) 6250526
(415) 1883981
(497) 5268371
(511) 9857809
(670) 4204405
(590) 4091959
(147) 5866445
(405) 3059132
(375) 1145545
(807) 8578540
(442) 1438781
(470) 4787759
(999) 7733132
(658) 3803636
(900) 8412367
(220) 3815397
(634) 7492202
(266) 6970299
(388) 5242767
(678) 7139544
(973) 7225388
(639) 5195972
(767) 2803033
(502) 7849613
(420) 1592481
(112) 8904837
(626) 8400313
(323) 6130283
(995) 5095896
(348) 8845216
(113) 8463414
(203) 9257106
(242) 3668902
(135) 7074607
(906) 8517645
(501) 1399201
(457) 7793800
(266) 2002732
(791) 6885809
(571) 1535365
(609) 9085834
(714) 7727879
(907) 2295142
(744) 5973959
(660) 8062872
(264) 2521624
(751) 7678019
(389) 3910301
(940) 9915725
(901) 7555876
(838) 1025781
(976) 5035498
(302) 6200565
(497) 8175931
(182) 3259808
(671) 3270786
(397) 2871358
(589) 7796237
(777) 4632571
(970) 6141623
(101) 2511144
(955) 9659766
(966) 4960374
(470) 9003205
(200) 7416436
(847) 3823128
(471) 3650766
(752) 9410527
(809) 6922812
(553) 2057444
(197) 7006158
(215) 9263162
(634) 3857286
(130) 3954342
(380) 2487387
(856) 2376581
(878) 9128562
(246) 2308848
(394) 7396075
(736) 6214032
(101) 1265402
(638) 6485055
(474) 1576018
(765) 4585853
(959) 4917761
(269) 2073401
(642) 5581521
(104) 4142281
(149) 2336220
(539) 5477996
(318) 6388485
(327) 2711483
(855) 1182460
(384) 9126368
(760) 2249777
(860) 9087601
(525) 2856060
(682) 6542405
(169) 3772502
(606) 4813856
(153) 1971807
(658) 8971093
(163) 2800710
(426) 6643804
(794) 5105364
(605) 5727944
(529) 1733797
(963) 8137328
(274) 2831265
(790) 8512707
(124) 8081515
(667) 6122231
(163) 8248847
(163) 2360118
(708) 6078738
(755) 4481838
(421) 7007857
(480) 7210785
(799) 1201761
(776) 6267129
(167) 7495493
(160) 6726696
(529) 6029014
(349) 4205609
(386) 4990910
(937) 3630126
(538) 3614943
(800) 8239848
(604) 8024679
(399) 6157975
(564) 3709914
(508) 7180748
(661) 6940822
(597) 4967755
(988) 7879992
(995) 4601300
(909) 1258675
(329) 7332502
(998) 4879648
(719) 5369276
(116) 1322826
(535) 8578737
(542) 6079647
(847) 6457725
(923) 1520538
(513) 1695375
(596) 8915863
(278) 5632311
(507) 6295990
(984) 6664197
(162) 8322366
(832) 5628917
(793) 6906927
(396) 8017116
(917) 7206772
(191) 9599606
(447) 3507694
(374) 5411973
(320) 3785771
(870) 8241096
(592) 2798401
(193) 3417001
(405) 8755741
(275) 4488825
(943) 1803738
(472) 8572562
(254) 8751078
(771) 6293273
(113) 3975284
(852) 2053014
(965) 1441546
(591) 4890723
(147) 6631548
(635) 3566394
(756) 7888804
(408) 4649010
(585) 9188350
(865) 2524460
(298) 6568677
(694) 7721948
(580) 8822833
(259) 3668250
(835) 2387009
(161) 8213282
(646) 5443898
(608) 1544780
(215) 6992953
(967) 5702731
(377) 8815283
(189) 9846410
(545) 5665798
(996) 4261535
(780) 9037593
(792) 8202190
(142) 8690884
(500) 4770131
(899) 2600093
(846) 8644729
(419) 1873600
(123) 5273580
(389) 5560706
(912) 6135905
(555) 5750875
(323) 8970259
(527) 3842267
(492) 8470961
(454) 9576550
(355) 6837723
(160) 8146400
(356) 5837877
(690) 7981235
(578) 9583277
(385) 2844778
(201) 1856824
(544) 3581692
(790) 4398978
(475) 6720550
(544) 4468045
(376) 5905340
(436) 8386126
(298) 5880162
(290) 9909234
(937) 4072985
(551) 3823766
(185) 7225988
(208) 9136676
(435) 7980185
(983) 6662428
(707) 5484113
(262) 7000303
(840) 2022829
(141) 1910746
(999) 5512861
(828) 8178474
(209) 7518778
(959) 7289369
(190) 9961721
(168) 5858801
(886) 4544352
(682) 9314818
(359) 3532728
(749) 2746627
(134) 1647017
(206) 1470212
(295) 4507414
(865) 8365726
(965) 3509630
(355) 4982635
(725) 9384440
(999) 9342698
(565) 2060798
(583) 8089833
(210) 9021932
(936) 4237171
(672) 1793318
(134) 2501705
(132) 3845102
(227) 3592422
(327) 4605685
(257) 6275036
(678) 6122125
(934) 1386792
(861) 2898818
(607) 2357900
(483) 3306153
(535) 7377913
(597) 8468262
(937) 5454738
(805) 5476430
(264) 2518579
(403) 3762913
(516) 8451914
(902) 1180035
(366) 4500506
(229) 6687366
(534) 1288833
(936) 9843440
(214) 8501668
(519) 8886317
(488) 1957826
(280) 1005448
(421) 3431249
(714) 7339781
(520) 3661440
(912) 2399812
(380) 2599370
(988) 5619935
(426) 9466649
(761) 3594235
(860) 9412676
(146) 9822051
(509) 4104659
(746) 6267622
(920) 8240829
(296) 6102928
(231) 9290170
(505) 4351690
(605) 4402643
(189) 6795793
(419) 7255491
(573) 3220355
(898) 5203490
(882) 6009631
(872) 8469084
(220) 8965996
(891) 1034795
(356) 7533438
(970) 4407512
(406) 7477143
(731) 1134759
(414) 2679677
(402) 6534279
(197) 9423898
(771) 9068379
(926) 4738369
(493) 2524139
(624) 5375130
(486) 3255070
(140) 5461800
(791) 7152951
(213) 5721216
(999) 4454059
(180) 9433043
(942) 4984114
(905) 1252523
(623) 2754787
(223) 1090514
(792) 7096159
(321) 7226953
(195) 6829149
(991) 2595332
(728) 9573284
(358) 2178017
(629) 6199429
(422) 9401094
(112) 9904493
(576) 2839770
(202) 5217385
(702) 4929667
(369) 4941588
(661) 1208424
(528) 7575830
(553) 1989133
(618) 6216096
(581) 8680654
(433) 2616649
(790) 4525534
(616) 8512144
(600) 5419413
(311) 3450102
(974) 4606945
(826) 6214559
(392) 8502265
(446) 5389578
(542) 6436204
(643) 1508589
(771) 1292147
(897) 8401708
(699) 4856301
(318) 9382283
(743) 2922028
(577) 4814578
(406) 8410696
(422) 2995354
(326) 8056028
(653) 7576483
(750) 3801987
(899) 2380264
(145) 6329280
(212) 9506579
(703) 8503720
(241) 7380224
(262) 2850668
(202) 9931683
(418) 9619335
(973) 2167951
(753) 7408792
(883) 7915768
(124) 1672495
(298) 2762672
(512) 8503260
(757) 6117205
(817) 3282956
(512) 3636970
(862) 3384408
(153) 1048118
(824) 1663888
(675) 5375329
(107) 5708516
(712) 1728442
(806) 4695785
(590) 1330674
(714) 2131855
(117) 4084360
(875) 1669743
(104) 7543881
(426) 1172700
(606) 2610107
(133) 3914535
(848) 2036908
(891) 2417434
(227) 7986074
(148) 7397988
(538) 3974361
(672) 6258543
(854) 3481345
(614) 9818718
(491) 1097593
(475) 4280171
(742) 1226426
(285) 9801721
(111) 5757254
(206) 1253511
(940) 2939129
(987) 4186494
(686) 9846476
(171) 3431910
(520) 1847841
(605) 4404185
(749) 9061641
(387) 5151106
(616) 4055539
(258) 3968471
(507) 8538379
(379) 5436414
(339) 8497916
(229) 9513002
(884) 9109615
(226) 7893909
(348) 9403565
(302) 6468967
(729) 3878977
(507) 6580709
(834) 1788008
(272) 2699857
(883) 1532537
(215) 9676330
(491) 2735740
(728) 7734939
(846) 5002837
(241) 5336946
(193) 9863298
(958) 9494880
(203) 5746238
(976) 1321181
(641) 2836063
(992) 6925424
(610) 1615968
(926) 2646838
(177) 9326800
(915) 2774642
(244) 6956555
(154) 8375155
(476) 5715648
(351) 5210826
(455) 2420835
(679) 1577427
(347) 9158587
(730) 2748216
(204) 8806251
(451) 2202705
(938) 9349115
(994) 7440182
(288) 4004818
(562) 2646832
(555) 6268187
(745) 5725493
(125) 2287344
(924) 1990697
(783) 9592894
(459) 2433300
(787) 1505865
(673) 8028435
(199) 5831795
(143) 2311146
(419) 2372454
(380) 3414212
(472) 2124490
(145) 8331388
(358) 9027537
(241) 1879400
(358) 6947772
(702) 7307004
(297) 1945443
(115) 4397043
(389) 6994772
(679) 7744516
(108) 7491644
(766) 9010331
(339) 8668416
(541) 8251785
(738) 6349766
(490) 7127823
(636) 2637179
(375) 9194229
(912) 7548457
(444) 9331888
(341) 1797819
(777) 8152395
(625) 6324476
(301) 1316393
(925) 1258279
(961) 8699751
(907) 6424305
(418) 7135139
(208) 2437986
(427) 9223395
(963) 7837477
(277) 5786787
(861) 2604847
(638) 8440305
(282) 2454843
(560) 4549269
(241) 5863224
(362) 1927956
(272) 4764338
(260) 9963487
(809) 3027935
(526) 7848764
(995) 8231481
(994) 4815098
(970) 2786572
(847) 8950319
(254) 4482284
(202) 2391665
(924) 4124389
(247) 3014015
(973) 8508352
(143) 1277690
(931) 7652511
(506) 3725851
(927) 4276637
(156) 1851700
(253) 3012655
(949) 2665828
(599) 9923934
(736) 3387663
(456) 8740760
(978) 8687949
(890) 3506815
(952) 6486980
(854) 5050942
(224) 7325128
(597) 1112743
(573) 4889074
(102) 5478115
(200) 7686358
(829) 2404037
(916) 3860624
(398) 4729026
(144) 8999889
(317) 3152921
(271) 7110448
(719) 7519855
(484) 1569258
(478) 3035142
(595) 7376372
(593) 9481663
(274) 7078045
(996) 8951372
(631) 4361177
(110) 1989689
(170) 9295241
(809) 9719189
(755) 7792402
(347) 5882914
(361) 3775455
(300) 8642021
(378) 3452879
(855) 9533195
(156) 3876983
(788) 9113070
(376) 1359451
(261) 8956937
(444) 3598882
(482) 7882581
(274) 4927442
(660) 9981414
(694) 5844460
(211) 6679954
(847) 4666825
(253) 3771665
(183) 4182621
(954) 6063633
(139) 5913452
(117) 3883873
(962) 1122859
(529) 7215830
(433) 7742359
(220) 5370787
(944) 7636391
(708) 4001533
(249) 7223368
(642) 4085408
(265) 3816869
(777) 1465507
(149) 3935809
(142) 8315288
(201) 3366190
(340) 5605438
(561) 7612338
(711) 4448236
(420) 5822611
(109) 4305908
(953) 7135117
(311) 3813110
(775) 7417023
(462) 6332206
(871) 2615062
(147) 7408402
(924) 8233424
(263) 4646833
(615) 4672544
(414) 7218500
(504) 6560583
(202) 3508037
(323) 9591301
(524) 4952598
(695) 5982104
(698) 3764871
(188) 8328486
(284) 2389250
(890) 8955690
(389) 9632148
(704) 3380610
(294) 2911864
(104) 9648253
(475) 8747768
(953) 1080576
(605) 3722403
(504) 7687550
(956) 9233772
(971) 4042162
(451) 6974713
(433) 6162150
(695) 3177532
(983) 7075210
(924) 2031182
(128) 2530905
(549) 4008676
(199) 2011885
(967) 1599323
(633) 8205307
(746) 3205951
(325) 8595589
(277) 3179681
(832) 3252430
(472) 9112505
(389) 5863925
(353) 3226292
(350) 6979319
(601) 8831551
(413) 4579809
(225) 3571172
(284) 5661743
(363) 1789810
(931) 6148866
(195) 9684173
(327) 4407336
(133) 1919175
(586) 4889173
(403) 1115883
(912) 3049889
(681) 6642553
(839) 7895174
(449) 6426463
(791) 2445890
(491) 8291741
(372) 7683583
(860) 2429270
(793) 6976815
(540) 7462449
(289) 2053049
(829) 6068542
(122) 3681010
(900) 6351344
(407) 2415413
(669) 3326173
(518) 2332559
(131) 6020113
(332) 3128561
(537) 1085020
(164) 3611216
(659) 8503399
(780) 5278099
(879) 3605943
(176) 1795799
(389) 2837014
(201) 4254731
(214) 1324243
(567) 9592510
(212) 2022859
(483) 9233772
(549) 3281064
(868) 8777576
(172) 5373265
(200) 1065673
(953) 7419843
(229) 8860893
(498) 8991457
(838) 8303037
(653) 6968994
(661) 6684413
(329) 8684341
(175) 5060546
(138) 9807898
(918) 9044104
(969) 1287110
(632) 4425110
(142) 8470827
(173) 6701590
(929) 6711287
(615) 8592632
(478) 4505793
(301) 1354668
(453) 4227268
(177) 4524552
(306) 1533738
(584) 9756885
(605) 1804355
(625) 4311141
(995) 8900578
(112) 2362547
(221) 4656839
(305) 5774417
(943) 8715961
(549) 8742779
(131) 8216148
(395) 2925315
(695) 3149376
(545) 1872409
(182) 4253046
(301) 2243403
(572) 2830530
(224) 2953329
(405) 4512534
(149) 5343053
(314) 7775087
(671) 7552415
(795) 8045248
(297) 7717274
(270) 6343963
(203) 2425440
(314) 2207861
(602) 1966833
(566) 7542132
(793) 4369048
(325) 2858523
(413) 1675654
(617) 8826720
(823) 7161860
(978) 3798103
(360) 6817724
(180) 6746787
(567) 3663282
(556) 1999950
(263) 3562675
(252) 4122705
(254) 7375480
(164) 3565973
(841) 1123681
(286) 8597486
(260) 9524375
(908) 3744629
(853) 2110293
(489) 7058905
(156) 3149562
(286) 8721895
(631) 5287701
(572) 1526977
(385) 5166443
(303) 8304306
(835) 8025902
(625) 8103448
(524) 2189325
(457) 8788393
(430) 2317098
(829) 7695075
(365) 3392613
(110) 9598815
(606) 9242652
(371) 1374733
(784) 1818585
(560) 2652137
(207) 2832497
(972) 4041082
(907) 4006881
(935) 5294653
(263) 6347972
(173) 7950906
(706) 4140187
(579) 4474266
(365) 1090314
(713) 1437559
(645) 7562058
(366) 8659545
(305) 9260504
(522) 1845108
(145) 9080744
(833) 4895055
(475) 3847588
(619) 6430465
(214) 1677538
(584) 1174186
(763) 6382685
(671) 1366664
(174) 8636323
(184) 5778424
(820) 1152389
(673) 1169394
(273) 8829419
(563) 1935808
(174) 3168474
(846) 3189936
(337) 6666930
(708) 2636522
(314) 8322828
(427) 1125609
(494) 4956405
(842) 4409465
(999) 6016511
(826) 2704908
(462) 3140864
(173) 3134454
(216) 6488726
(749) 1220440
(253) 5809558
(317) 7501802
(399) 4545630
(231) 8917147
(562) 5308011
(387) 5092962
(949) 3038123
(525) 6644294
(175) 1738290
(781) 6269714
(941) 6805819
(513) 8035118
(459) 7288506
(762) 2924445
(808) 7331219
(687) 1156475
(308) 6435260
(742) 1212301
(528) 5162678
(822) 8727857
(908) 1069317
(193) 8208466
(835) 2270868
(915) 4231672
(564) 7692231
(333) 5613220
(785) 7276122
(937) 1653096
(528) 5956702
(707) 3220342
(346) 4167881
(555) 1783394
(198) 1467782
(403) 6056772
(170) 8238759
(490) 2439071
(520) 8988886
(262) 2718245
(215) 9449757
(598) 3464107
(324) 3714275
(236) 2952156
(372) 6042135
(384) 1989969
(355) 5671773
(939) 7109652
(948) 9048271
(997) 4510168
(261) 5227572
(275) 6047321
(796) 3502687
(261) 5585608
(196) 7038828
(983) 1902712
(754) 9543318
(558) 9775301
(552) 5129427
(272) 9776284
(384) 4958106
(891) 1094831
(479) 1638614
(769) 8674313
(198) 7233415
(932) 1312314
(858) 4009478
(105) 4335799
(207) 8920365
(882) 8685106
(521) 6305939
(143) 2680076
(368) 1423913
(710) 5748250
(364) 1438782
(757) 8081278
(230) 3856336
(800) 5555826
(719) 8434340
(585) 1061106
(352) 2405193
(619) 2052727
(717) 9767668
(497) 6285658
(612) 4765262
(753) 5646776
(299) 4965514
(138) 9103801
(274) 5367623
(138) 1677272
(246) 2292114
(273) 7860277
(598) 8650094
(272) 7119400
(704) 9766273
(794) 8790471
(610) 9207460
(710) 3835494
(635) 6508025
(491) 9990101
(494) 6979199
(234) 6871522
(964) 8659760
(653) 3049932
(552) 8077147
(797) 8497504
(782) 3110811
(892) 9481976
(108) 3356377
(995) 8735222
(162) 2212825
(665) 2786560
(559) 7271615
(484) 4518956
(522) 4042972
(127) 8937438
(325) 7498874
(395) 7361024
(459) 4455121
(799) 4084340
(131) 9501182
(392) 6708561
(951) 1816711
(826) 5415566
(707) 7480917
(705) 3281487
(471) 3776634
(506) 7602522
(414) 9110825
(910) 2323691
(543) 1987303
(668) 2583091
(160) 3127200
(799) 1931633
(479) 2337229
(942) 9272288
(250) 2294530
(663) 3054625
(494) 5893658
(334) 4113257
(171) 8442418
(864) 5992315
(337) 5911998
(581) 2823014
(149) 6644575
(479) 4740932
(897) 9819310
(697) 9793819
(428) 7212593
(902) 2068857
(488) 4112865
(946) 1811322
(918) 8508935
(747) 9566978
(449) 8465032
(849) 1203475
(491) 8926278
(815) 9299621
(413) 4713611
(407) 2120146
(595) 8949055
(752) 1889135
(974) 2516329
(991) 8409609
(138) 8364008
(916) 5926857
(743) 6340694
(940) 1109614
(798) 5654564
(950) 5051047
(410) 1649765
(446) 3055530
(987) 6448810
(215) 8549497
(259) 8873849
(720) 7891777
(763) 9509856
(802) 6617461
(892) 9157923
(126) 4503916
(602) 1508007
(504) 1888404
(765) 3318075
(202) 3248172
(396) 7327881
(245) 6724099
(218) 6832657
(644) 6170717
(233) 2240566
(632) 6525417
(486) 3407611
(782) 2112795
(790) 2431169
(611) 9063858
(954) 5911008
(488) 8717438
(346) 5290785
(114) 3252012
(944) 6689321
(578) 8624210
(764) 2313741
(961) 5584466
(952) 7701695
(946) 4202578
(549) 9179221
(641) 2852092
(822) 7961309
(414) 2100482
(880) 2914943
(965) 3355884
(461) 5143252
(928) 1332032
(785) 1164439
(136) 9976296
(808) 3415624
(754) 9347398
(904) 2159034
(639) 8258385
(274) 4319750
(233) 6461565
(342) 9215169
(913) 1251886
(874) 3841465
(890) 5515559
(445) 7885247
(926) 7060237
(892) 8030912
(146) 1274943
(269) 1557903
(600) 4899022
(546) 5185738
(568) 3039149
(950) 9911776
(720) 3374811
(463) 4294789
(945) 5011032
(728) 5588044
(818) 6377731
(134) 4075898
(998) 1216304
(921) 7167662
(971) 7515075
(353) 3635971
(408) 8965356
(938) 7382756
(944) 8136442
(292) 1352646
(352) 6061930
(822) 5942373
(303) 2153683
(986) 2397073
(966) 3681234
(443) 9372127
(641) 6707519
(481) 9611776
(326) 5304439
(495) 9943480
(999) 4000325
(606) 4558629
(924) 7606378
(146) 9907774
(703) 1618272
(153) 8185965
(350) 5958768
(917) 8860703
(709) 4886509
(748) 1522713
(331) 4277588
(522) 8305227
(528) 4668488
(654) 4112833
(396) 6638643
(628) 5419216
(535) 1356701
(312) 5781041
(623) 6069179
(742) 2899472
(190) 2021745
(630) 2623094
(752) 1100832
(285) 2275164
(588) 5854006
(680) 5027929
(737) 8060284
(595) 1534465
(172) 4576543
(311) 7009296
(679) 8066598
(959) 6494097
(202) 4731891
(274) 5548046
(449) 8200300
(904) 2601458
(675) 1699173
(666) 6983965
(207) 5109725
(551) 2969937
(433) 1676363
(225) 7163365
(569) 3164620
(199) 1672985
(194) 6453115
(335) 3967361
(763) 9884648
(240) 3800345
(442) 9193260
(730) 2778263
(904) 9799153
(957) 8705106
(521) 1347262
(902) 2151215
(883) 4790736
(779) 2380495
(865) 3514251
(922) 9154804
(623) 9445578
(900) 6570749
(725) 2510493
(200) 7169670
(269) 5741939
(948) 8377660
(157) 1970674
(414) 7136796
(744) 6841769
(794) 1674657
(231) 1544110
(553) 7713372
(984) 6037685
(150) 9095027
(697) 4538737
(762) 9594009
(713) 4483348
(379) 8779609
(552) 6088071
(510) 3386412
(650) 4501915
(879) 5029891
(287) 2866873
(657) 4259433
(586) 4589842
(358) 6745342
(266) 5065350
(929) 1840069
(567) 2779335
(397) 8126006
(559) 9163519
(812) 8341208
(758) 5639877
(403) 7720449
(510) 4273579
(371) 3654090
(608) 6889324
(592) 8080690
(348) 4988641
(829) 6307085
(553) 5801811
(439) 2597238
(652) 9416869
(762) 3799112
(102) 2320140
(521) 3590585
(678) 8095704
(589) 5580108
(895) 4013339
(265) 5797292
(383) 5867978
(575) 9835392
(447) 5272386
(592) 8381598
(367) 8434912
(517) 2404314
(529) 5406932
(837) 9597385
(520) 4464259
(514) 3445689
(621) 5494599
(880) 2244778
(120) 5989279
(813) 8969046
(304) 5209564
(888) 2191980
(460) 6004070
(458) 4912147
(690) 9792371
(203) 7268303
(673) 5010505
(340) 2150127
(694) 3971684
(313) 7301761
(481) 9396015
(334) 5043223
(724) 1051448
(506) 3678774
(624) 3701819
(497) 5146884
(308) 3406212
(643) 9951044
(580) 8416385
(713) 8900316
(591) 8821357
(361) 7981552
(786) 4373191
(645) 8556866
(265) 2773925
(865) 8495511
(758) 5734610
(668) 2966027
(210) 5379288
(100) 7809886
(224) 2480465
(373) 3393780
(406) 1975199
(446) 1927014
(409) 3268390
(317) 4319155
(854) 3878336
(210) 2486939
(172) 8600941
(142) 4011828
(667) 5852228
(693) 8058713
(777) 6059429
(587) 5147708
(769) 9092609
(771) 4464701
(994) 3044363
(693) 2030223
(549) 6736952
(981) 4772973
(800) 6866158
(174) 1321968
(323) 3623463
(119) 8277766
(903) 8210759
(540) 6935096
(149) 2888121
(228) 5424652
(522) 4970972
(787) 9062719
(968) 9505581
(352) 7396608
(175) 7563193
(342) 5009631
(735) 5358158
(333) 3658670
(397) 2618085
(323) 7234270
(773) 8592753
(301) 4784418
(370) 8416375
(543) 6032421
(794) 2975563
(440) 7642067
(975) 3051333
(490) 2403966
(569) 5325234
(260) 4190877
(661) 7253563
(253) 4812795
(986) 4721061
(380) 2477201
(224) 5628621
(105) 1663823
(441) 7622789
(892) 4195830
(406) 7380887
(909) 8250597
(558) 2252189
(580) 1272894
(590) 5499150
(577) 4270815
(681) 5855365
(585) 9175654
(267) 6090638
(856) 7213198
(633) 2211419
(943) 4198494
(245) 2127342
(261) 7433880
(868) 3145518
(656) 9832458
(790) 1822086
(878) 3820619
(482) 9413034
(771) 3522839
(167) 9239030
(902) 3507986
(963) 6116191
(848) 7888630
(868) 2655600
(268) 2214417
(489) 4072354
(534) 5547567
(975) 8056185
(800) 3298392
(816) 5573122
(741) 9014907
(520) 1750614
(169) 1154623
(145) 7211166
(553) 3891449
(555) 8061528
(372) 7037238
(114) 2036027
(596) 3422394
(655) 7233403
(296) 5353197
(942) 3680503
(972) 2768023
(204) 2038033
(147) 9908453
(614) 2749770
(453) 9387591
(455) 7121756
(979) 4736056
(362) 6622812
(971) 3522438
(967) 4936692
(626) 5315038
(298) 6986025
(877) 2584575
(539) 5821241
(539) 4286739
(757) 4738832
(655) 7833603
(324) 9828558
(779) 7646430
(889) 2040100
(974) 4185123
(370) 2041164
(619) 8654185
(537) 3973360
(673) 8169071
(681) 1735594
(552) 5267266
(562) 8692707
(755) 9071295
(869) 6929141
(230) 6044490
(768) 1630551
(580) 1734428
(648) 6475402
(220) 4890966
(337) 5809093
(208) 1587345
(477) 8322516
(776) 8486965
(969) 8531382
(786) 3731221
(977) 4117990
(734) 3962818
(987) 5455217
(230) 3022509
(694) 5096642
(117) 6496164
(256) 8958431
(371) 5180624
(504) 1892063
(618) 6419175
(618) 5008196
(375) 3848304
(506) 2519736
(426) 4302978
(735) 7107230
(218) 6437622
(387) 4087442
(373) 7985923
(206) 8095882
(261) 6494101
(109) 4726892
(612) 3457315
(498) 9163313
(992) 1546883
(175) 8757581
(906) 8797333
(474) 1647932
(348) 2023819
(999) 1392570
(213) 1572256
(321) 6582914
(964) 7717345
(387) 1619614
(313) 4003499
(367) 7564532
(665) 5996449
(149) 2000732
(178) 2341577
(353) 3828515
(736) 3099943
(358) 8257945
(859) 5885358
(935) 3098353
(776) 9317926
(622) 4622673
(235) 3090463
(437) 2308671
(138) 8611771
(445) 2344233
(141) 9676410
(955) 8750050
(322) 3602107
(297) 7110246
(912) 4153022
(302) 7257281
(368) 6723978
(188) 1627429
(702) 1751919
(763) 7153374
(144) 7261902
(926) 1181973
(406) 2470099
(425) 2577664
(482) 3707605
(440) 5767429
(406) 5514009
(588) 7270358
(534) 5968338
(199) 3855739
(506) 3207926
(676) 5797958
(175) 4702926
(464) 3818862
(798) 2053688
(566) 7605556
(165) 5492643
(888) 1961979
(779) 1909638
(624) 1054098
(875) 3602633
(131) 8822319
(453) 9335462
(579) 1864132
(128) 1646851
(570) 8439969
(828) 6672026
(128) 8405569
(191) 9344099
(223) 2240563
(440) 8362965
(513) 3736858
(257) 8721588
(176) 6356030
(553) 6732068
(251) 8576862
(951) 4354150
(556) 8060897
(235) 3173187
(417) 6105114
(494) 9192558
(531) 9259812
(702) 6840408
(305) 7764084
(958) 1885402
(840) 4538672
(826) 2623720
(656) 4945987
(131) 8232000
(559) 8496693
(138) 3164979
(743) 2201916
(951) 4944634
(929) 5021143
(345) 5071838
(419) 9025840
(889) 9763094
(712) 1070053
(618) 9715092
(471) 9110845
(773) 8147981
(559) 6579881
(478) 9151153
(509) 5025832
(752) 4889396
(198) 8267429
(743) 4672444
(995) 2593312
(732) 1192826
(682) 8579230
(691) 9412564
(900) 6762869
(159) 1611216
(367) 8941234
(262) 6736424
(981) 3608805
(405) 7828128
(724) 7316224
(891) 5562729
(547) 1377227
(937) 1739989
(252) 7534152
(383) 7552951
(421) 1548191
(504) 8235138
(381) 5630755
(379) 5167457
(377) 4005029
(108) 5237577
(625) 9023336
(725) 3522552
(765) 8484629
(411) 7108207
(200) 9290981
(999) 7706513
(419) 5878277
(931) 4984596
(815) 4580582
(213) 1792805
(854) 6390495
(904) 8162169
(910) 7700881
(449) 4048845
(853) 3431817
(857) 9527525
(414) 3097484
(216) 3904389
(593) 1233041
(500) 6795916
(506) 1287585
(508) 3116411
(316) 8101606
(375) 8018589
(156) 4618610
(817) 2477204
(225) 8605877
(838) 5503689
(639) 7788707
(937) 6070776
(759) 8590462
(295) 3386443
(164) 3769246
(139) 8818592
(659) 4286602
(795) 9758842
(172) 2157812
(715) 5311972
(225) 2660841
(610) 8500389
(693) 7829100
(335) 9616440
(882) 7356756
(876) 8636746
(716) 2439586
(542) 5445766
(553) 2082827
(129) 5655368
(831) 4202759
(225) 3518847
(137) 6597561
(971) 4947295
(521) 6877177
(532) 9268374
(438) 5729689
(983) 3091407
(967) 4446646
(755) 7008692
(302) 8779430
(735) 4138084
(710) 4394360
(657) 6137244
(552) 3380536
(135) 6342764
(722) 4493733
(427) 1157050
(456) 2987613
(514) 9776228
(767) 4481809
(195) 1618395
(533) 4964523
(692) 7513857
(941) 1811910
(654) 8899923
(692) 9238384
(463) 3050314
(748) 1526815
(956) 1204996
(347) 3035951
(584) 1440102
(230) 2250777
(431) 5194929
(520) 7342338
(175) 1231709
(992) 4533112
(224) 6382246
(566) 2896825
(561) 2192893
(608) 3128407
(353) 3769820
(733) 5474786
(788) 1931924
(311) 9167275
(746) 8493095
(691) 3252207
(484) 5399127
(724) 4727482
(809) 1497803
(642) 7982805
(622) 5462193
(156) 8692325
(931) 4879052
(941) 6554121
(503) 1711939
(888) 4315384
(932) 4722005
(614) 2175479
(306) 5618997
(614) 7569038
(412) 1941938
(569) 4880228
(730) 6014825
(546) 8637771
(370) 9367783
(459) 7014419
(113) 6354885
(493) 9237136
(834) 8673742
(159) 5776773
(492) 5224333
(265) 8289951
(362) 5406567
(859) 4603063
(326) 6879430
(304) 5616861
(451) 7320818
(704) 1995048
(576) 1482708
(284) 2609629
(820) 2836728
(671) 8833457
(363) 1154348
(958) 2615598
(335) 6712256
(836) 7678285
(528) 1497513
(352) 5442140
(441) 9467481
(131) 5616048
(509) 9151840
(865) 6622860
(611) 6103720
(964) 5020650
(168) 3586529
(498) 7803229
(171) 6426192
(167) 4164617
(114) 5683354
(544) 8206962
(169) 6874536
(393) 7558497
(138) 4677089
(137) 9991089
(521) 6060222
(500) 7668135
(844) 5954205
(642) 8841362
(740) 7124263
(176) 1917845
(716) 5736832
(881) 4283887
(349) 1247872
(104) 8622980
(401) 8856242
(617) 2231086
(648) 6184159
(194) 5277240
(718) 6219826
(426) 6112162
(333) 5213802
(367) 9693762
(641) 9809808
(362) 8746436
(749) 7678513
(789) 7703199
(568) 4336298
(277) 9927338
(180) 9827382
(181) 8843068
(397) 8484667
(314) 6868813
(240) 7910633
(843) 1103370
(882) 5078972
(116) 8011171
(604) 1555317
(325) 4231408
(521) 2801104
(328) 1867983
(715) 3612095
(932) 2121513
(350) 9444857
(823) 9575250
(314) 5173579
(169) 2781905
(872) 2975752
(282) 5146751
(710) 4561620
(779) 9703340
(738) 8357346
(315) 4941379
(235) 5632069
(480) 5209281
(100) 8888174
(257) 1796286
(354) 9363907
(728) 4056911
(516) 5754985
(477) 7583078
(949) 1869011
(870) 6758537
(873) 5303804
(393) 5508482
(231) 4659458
(620) 1868781
(107) 9486773
(265) 9952589
(960) 2746476
(980) 8623351
(877) 4469785
(515) 1035634
(132) 6927827
(743) 8256517
(905) 1694136
(108) 7797812
(521) 4354655
(819) 4880802
(718) 8804720
(395) 5837328
(456) 7177823
(738) 5266963
(403) 5449223
(134) 3553028
(463) 7212740
(806) 7527014
(459) 8398113
(360) 7955183
(891) 9379783
(576) 6469755
(879) 4543802
(467) 7907661
(220) 6963698
(877) 6891740
(949) 6209897
(710) 2143683
(895) 9000792
(793) 9129747
(414) 8010870
(908) 5800632
(472) 2385753
(859) 2296826
(254) 7554075
(371) 6434795
(425) 6115649
(272) 1580797
(258) 3984436
(957) 5000430
(944) 7741846
(156) 1334931
(602) 5112925
(194) 1995448
(763) 9683532
(716) 1395560
(701) 2772698
(956) 9282447
(767) 5080542
(469) 5450503
(218) 4960092
(604) 2358514
(673) 7977830
(568) 3807632
(529) 6728151
(552) 8904265
(752) 2392584
(545) 4725249
(412) 8742105
(911) 2582911
(311) 2632306
(536) 1267877
(143) 1574752
(905) 4861823
(999) 4374562
(331) 7393867
(718) 4449049
(880) 8077111
(205) 5491944
(801) 2971684
(351) 5116536
(156) 5929968
(643) 7622540
(127) 7429473
(609) 6541596
(879) 7845506
(237) 8266889
(588) 4069566
(413) 6760028
(177) 9164368
(327) 7086915
(545) 5572974
(926) 7774394
(438) 9409804
(613) 7003786
(588) 1494605
(723) 1078416
(331) 8738716
(499) 9461375
(129) 7081372
(113) 9690524
(420) 3596531
(364) 8875529
(907) 7991588
(686) 6553772
(739) 7256443
(279) 4570441
(195) 3753258
(322) 7210088
(566) 1241765
(364) 3166356
(416) 5651557
(972) 1669725
(584) 4482900
(510) 5269606
(211) 8201706
(934) 5618087
(878) 7807899
(155) 3487933
(904) 6618689
(108) 4296680
(345) 5555440
(291) 6128487
(689) 1659751
(654) 4449880
(617) 3450557
(658) 3585461
(724) 7445777
(671) 3464047
(471) 1411127
(933) 1400202
(511) 9631107
(852) 4240526
(617) 5688944
(163) 5221258
(256) 9916384
(878) 1762999
(883) 7590433
(756) 9001491
(153) 7518370
(425) 1539230
(172) 1301556
(757) 1930538
(870) 5073820
(357) 5857591
(638) 8386050
(262) 6062228
(316) 8052885
(387) 5700767
(584) 2938549
(436) 9757575
(136) 5281530
(967) 6662442
(581) 6524217
(298) 2170992
(999) 6244860
(378) 8494321
(178) 3895953
(649) 9100786
(999) 1932162
(345) 1990651
(914) 5184929
(916) 3790438
(837) 6602014
(720) 9604763
(636) 2963135
(712) 7785370
(340) 3143501
(503) 8845438
(116) 4947196
(783) 1739842
(700) 8465593
(513) 4551605
(886) 2084303
(283) 1026848
(928) 3222533
(490) 3677688
(228) 2567526
(841) 6821139
(517) 6378242
(890) 4416862
(312) 1054780
(462) 1178403
(184) 3158076
(390) 8690614
(988) 3349766
(252) 7249996
(718) 9096686
(507) 4953285
(828) 6998962
(203) 4396074
(732) 3595795
(106) 6683404
(357) 8542662
(267) 2400187
(322) 1302709
(295) 8478970
(604) 9827159
(769) 9153624
(966) 3775156
(155) 2254580
(305) 2253236
(801) 5098766
(223) 5382449
(252) 6858257
(568) 3298259
(325) 1680395
(217) 4196145
(476) 7165092
(513) 1109058
(385) 2966379
(176) 8156440
(740) 1556375
(105) 6053948
(935) 3662821
(994) 3518540
(798) 1346362
(935) 2414365
(338) 1346186
(242) 6429969
(844) 1273965
(152) 9214557
(908) 9074395
(565) 5122643
(555) 6731551
(815) 6490473
(794) 7403201
(879) 4519455
(656) 1803861
(519) 8277946
(244) 4192382
(969) 6700927
(755) 3838647
(164) 4144331
(957) 1127583
(636) 7727770
(780) 9283438
(407) 6537686
(467) 9288795
(846) 5721315
(239) 2453599
(838) 4836279
(353) 2360873
(782) 3812307
(355) 1118993
(520) 2389316
(870) 3314938
(312) 1737559
(999) 7218089
(663) 9376240
(394) 2275208
(540) 6244936
(934) 6353924
(255) 7516882
(781) 9815012
(401) 9179933
(249) 5759501
(371) 1716138
(282) 9274108
(320) 5282786
(351) 6086780
(469) 7311909
(205) 9446109
(839) 5473473
(981) 4962129
(498) 2402862
(310) 5271698
(353) 9191079
(324) 3159120
(583) 4093775
(964) 7902059
(852) 8390602
(272) 7239926
(860) 4144701
(631) 2363152
(355) 7092024
(963) 7526656
(981) 1463457
(970) 4920181
(463) 1553335
(447) 1540983
(545) 7706181
(943) 4545561
(585) 4440904
(430) 2196109
(567) 5507901
(854) 3224691
(186) 3845655
(976) 3174853
(749) 5783923
(693) 1888151
(279) 9518895
(445) 9456368
(519) 6872688
(100) 2373579
(768) 1562031
(506) 7836440
(444) 2402263
(676) 5611773
(906) 8533171
(274) 5785735
(439) 1076552
(230) 9789009
(817) 4130552
(148) 1487946
(683) 2409306
(847) 7046638
(543) 9728358
(534) 4298795
(834) 2429515
(143) 8133187
(755) 3556768
(207) 6241630
(962) 5669753
(915) 5677997
(188) 1534150
(640) 3283144
(867) 6529930
(775) 6866798
(957) 8371548
(550) 9567562
(716) 7586367
(371) 9963491
(163) 7120239
(322) 8528231
(332) 5960541
(864) 2859296
(646) 6101816
(472) 5362345
(279) 2293578
(201) 2172336
(273) 4959898
(741) 3582310
(302) 5217021
(348) 9958967
(674) 6566747
(224) 8435921
(273) 1417172
(572) 2870708
(770) 2135105
(495) 7533216
(861) 7388648
(309) 2898886
(248) 6622515
(490) 3929792
(705) 3359556
(305) 8793843
(192) 8676174
(352) 9338502
(865) 5671534
(509) 6581925
(970) 9130505
(822) 1556446
(240) 3666029
(232) 5736422
(390) 5969263
(538) 1905982
(869) 8506661
(457) 9604716
(199) 2742142
(240) 1573364
(971) 8887873
(516) 3633741
(314) 4188981
(142) 3971008
(965) 8492478
(254) 1375234
(510) 7827862
(442) 3199908
(713) 2959987
(251) 6114527
(325) 2615104
(758) 4656392
(314) 9251934
(355) 6801034
(576) 8962671
(521) 8694141
(106) 2279227
(281) 2559558
(139) 5214011
(114) 3990591
(765) 5480066
(747) 3260757
(140) 6508890
(229) 1397069
(320) 8096555
(633) 5968570
(752) 8476065
(682) 4335246
(728) 9988337
(741) 4977066
(260) 4061933
(137) 5685431
(985) 7601926
(724) 6636839
(482) 4588813
(720) 1806890
(156) 5445575
(488) 7519223
(903) 8817405
(884) 2776191
(948) 2230236
(549) 1265597
(169) 4630309
(297) 7360011
(816) 1325365
(681) 5307754
(485) 8994149
(226) 2848382
(161) 4716171
(781) 7534715
(338) 9731657
(443) 4038525
(568) 5483124
(897) 4980764
(379) 8679734
(404) 6503183
(265) 2912442
(973) 4788344
(137) 6856531
(256) 1478808
(164) 1586288
(304) 3405131
(678) 3588061
(914) 9236575
(909) 2339839
(462) 8825531
(394) 4195074
(663) 2910268
(823) 1534271
(940) 8095019
(405) 4850108
(457) 3463217
(220) 1354267
(958) 2481904
(163) 9930263
(856) 3418294
(153) 9843156
(213) 4531999
(951) 3452303
(532) 3202522
(375) 4086417
(162) 9995007
(592) 5302087
(238) 6012648
(438) 3139498
(853) 2219819
(474) 8769701
(388) 8098401
(702) 3268769
(459) 7877098
(246) 5417515
(613) 3448920
(786) 8882543
(730) 9574254
(792) 9663539
(709) 6329824
(301) 3920098
(805) 4426112
(356) 9373612
(127) 8311543
(871) 9504994
(635) 4443119
(123) 5864380
(729) 6644757
(452) 2378964
(800) 6812531
(442) 2135285
(377) 9330269
(321) 4425088
(231) 5019296
(936) 2764852
(371) 7927640
(967) 4706659
(303) 4013661
(947) 8656225
(765) 2083417
(659) 2829960
(600) 2340326
(534) 9869339
(753) 5995500
(386) 9412735
(304) 9388459
(923) 9341399
(761) 8512931
(466) 5200816
(886) 8878619
(504) 3601366
(728) 5825482
(303) 6704538
(414) 2845393
(792) 5802869
(330) 1872596
(330) 4419726
(836) 8513112
(647) 4073114
(161) 6125817
(135) 2239497
(978) 8212958
(407) 8635525
(527) 6114661
(343) 3001958
(676) 4123217
(942) 2176575
(559) 6590585
(181) 5844939
(672) 3480601
(880) 6269792
(429) 8933960
(836) 4280447
(272) 1538733
(988) 1185406
(936) 8188440
(522) 4457365
(568) 4969862
(421) 1691879
(810) 2043180
(859) 8176542
(858) 7222100
(528) 9173176
(627) 4746808
(871) 4348260
(203) 8331541
(488) 8033139
(500) 3205092
(304) 6565999
(983) 2407954
(758) 5477123
(688) 3291533
(922) 6826244
(719) 1784151
(904) 6115690
(405) 9785538
(148) 4528197
(944) 6262104
(904) 5706563
(521) 9135434
(844) 5809563
(407) 8984166
(989) 1270308
(924) 5919501
(926) 3304522
(870) 5007291
(976) 4193094
(892) 3289395
(197) 5857448
(816) 3669080
(558) 9267153
(376) 7956341
(259) 1451864
(962) 9122315
(450) 2714061
(382) 9185591
(564) 1022378
(163) 5352283
(342) 2910057
(314) 1464547
(690) 1997620
(202) 5322978
(282) 3847844
(351) 9309545
(634) 8389837
(188) 2787115
(299) 8113173
(204) 5354875
(563) 2859070
(561) 9430827
(231) 3134245
(907) 4517029
(340) 4113361
(712) 8430755
(512) 3744921
(787) 1559691
(320) 2544455
(298) 4265489
(508) 4447643
(249) 7840249
(196) 5479687
(358) 8432809
(319) 5779330
(133) 6528432
(151) 3492977
(542) 9770467
(149) 8755045
(218) 9619065
(791) 9432625
(145) 4455761
(556) 2763040
(370) 8250200
(342) 4790581
(826) 7024467
(863) 2399861
(332) 8577283
(891) 2645499
(276) 3322858
(247) 2692859
(306) 3371208
(562) 5357055
(767) 4081564
(774) 5132887
(857) 8465593
(217) 8874476
(722) 2941261
(962) 2759342
(538) 1104067
(105) 7347171
(133) 1753779
(844) 8188297
(137) 7417834
(356) 6839189
(303) 4167633
(605) 6502011
(270) 7912695
(857) 6148888
(114) 8291713
(758) 3494388
(881) 3162822
(383) 2511950
(705) 6713223
(848) 8983223
(218) 3096781
(774) 6206071
(392) 3874780
(797) 4551355
(438) 9147699
(362) 8845989
(920) 5359305
(381) 9662016
(613) 8769273
(441) 2917012
(410) 5881519
(913) 5409900
(810) 4581727
(726) 2699602
(611) 6032818
(193) 1603605
(378) 1895200
(286) 3938748
(144) 6792372
(773) 1084011
(976) 2242640
(101) 2849065
(821) 8773657
(356) 7717375
(765) 2252940
(824) 7807589
(993) 2561384
(257) 3898152
(528) 6370460
(645) 3595937
(755) 8349430
(128) 1171732
(305) 6365682
(269) 5651776
(740) 6503654
(730) 5042348
(817) 9051475
(282) 7752349
(239) 8445244
(276) 9014512
(800) 1356507
(466) 9923370
(439) 8529836
(491) 9765630
(581) 5564469
(487) 5311715
(959) 7504659
(451) 1293628
(776) 7007214
(739) 1388707
(707) 3227667
(420) 7627575
(418) 7739202
(463) 7143991
(375) 8111336
(130) 5673159
(618) 6960583
(778) 4018760
(900) 6239652
(331) 2263235
(760) 2106665
(463) 7818246
(980) 3112324
(943) 2908336
(906) 5695226
(368) 9511141
(351) 8415293
(607) 9976346
(787) 9811193
(746) 8358595
(126) 7964265
(324) 3014814
(824) 8974957
(838) 6078652
(630) 5511035
(651) 5245606
(397) 7862483
(939) 9507075
(278) 4479954
(737) 4225783
(855) 8522689
(905) 3698099
(356) 4176742
(994) 2240027
(833) 4067988
(585) 9416048
(356) 9540802
(104) 5172750
(948) 3314316
(537) 3362785
(387) 5387033
(510) 9817202
(191) 7006894
(508) 6934230
(918) 9578981
(172) 5615165
(553) 3616272
(208) 7700639
(878) 3296138
(549) 8336595
(335) 8188062
(559) 2423021
(890) 1856413
(447) 6550067
(488) 3835791
(926) 1958716
(285) 4324776
(836) 3096869
(429) 3039484
(381) 3694662
(701) 6651960
(166) 3786093
(939) 5048055
(850) 8133205
(923) 8704225
(681) 5164627
(304) 3733496
(934) 5629156
(833) 8147695
(303) 5861295
(235) 2474776
(964) 2344003
(945) 6450066
(381) 7999094
(228) 9418122
(944) 4151660
(563) 3769944
(759) 9159238
(426) 1841187
(820) 6486151
(292) 7929399
(124) 4355304
(797) 7321117
(992) 5075005
(667) 5222407
(398) 5365463
(157) 7385635
(442) 7763346
(937) 3427751
(851) 8609853
(287) 7190230
(961) 1793720
(235) 8208476
(119) 5715993
(283) 8245807
(756) 2932188
(600) 5576872
(721) 1341840
(192) 3567405
(695) 8973853
(227) 8241843
(329) 8966942
(206) 6270969
(541) 7120413
(688) 1315663
(588) 7636813
(962) 9214322
(240) 9848267
(512) 5147370
(199) 8872383
(846) 5543286
(816) 2309461
(653) 3631608
(277) 2247807
(967) 5858893
(949) 6089965
(109) 7338529
(879) 9271795
(538) 6373485
(937) 9684712
(637) 5616675
(943) 7269715
(917) 9067946
(356) 7683700
(664) 7911069
(587) 2499141
(824) 2835529
(753) 1405953
(911) 7127113
(385) 6663417
(983) 8554777
(788) 6836175
(544) 7211793
(541) 5184072
(589) 1430876
(936) 5556601
(848) 5276197
(771) 9188302
(460) 1395932
(373) 9435433
(707) 8484642
(813) 3137263
(615) 7235336
(417) 2366209
(299) 5718590
(722) 7177512
(261) 1416407
(756) 2782808
(869) 8488336
(124) 3631914
(833) 3107274
(181) 3856085
(126) 8409769
(115) 3562998
(658) 1350912
(977) 7472088
(250) 7505564
(464) 1012944
(137) 6492225
(907) 1202459
(522) 7280988
(859) 7477093
(512) 6857848
(469) 1751127
(307) 7761839
(878) 4345382
(876) 7940505
(754) 3651303
(814) 3678913
(246) 7780010
(576) 7159451
(854) 2297903
(428) 3939147
(945) 1162849
(353) 6999263
(641) 6849640
(198) 8261849
(339) 4702298
(624) 3203630
(323) 2775228
(700) 8649627
(580) 4194171
(299) 1142762
(103) 7226520
(966) 9368011
(906) 8678332
(775) 4493892
(154) 5010781
(720) 6389777
(262) 3252405
(991) 2004931
(872) 5337306
(997) 4763639
(383) 1543865
(781) 2005386
(715) 3578683
(578) 5391197
(408) 3777090
(850) 2153697
(436) 4177481
(868) 5788383
(520) 2588387
(741) 9546955
(149) 2946011
(942) 1110353
(748) 4969513
(345) 7714759
(485) 7175078
(114) 3179002
(414) 1840184
(590) 3393531
(643) 6775894
(615) 7437015
(569) 2678740
(872) 1651282
(232) 6992390
(563) 2158769
(815) 9878677
(643) 5771744
(459) 6652771
(459) 9694155
(851) 9773613
(843) 6464409
(446) 1784242
(899) 5612659
(575) 5320136
(936) 8678382
(628) 2381519
(885) 7971096
(371) 4713099
(825) 1752478
(146) 8257812
(979) 5435318
(258) 2235131
(156) 6793770
(751) 2945815
(390) 6339754
(296) 9794724
(804) 1108479
(451) 5923352
(153) 5151009
(879) 6254876
(396) 7460426
(119) 6824390
(148) 1072616
(924) 6877831
(171) 6927354
(235) 4682122
(312) 2821016
(143) 3668222
(867) 6614998
(658) 2590491
(329) 7337555
(589) 8205514
(314) 2177472
(533) 1335904
(934) 8116024
(599) 5610532
(719) 8353199
(902) 1290107
(618) 3732591
(637) 9946760
(878) 8852716
(963) 8993977
(120) 9926714
(940) 3118978
(147) 7194531
(251) 7742749
(349) 2984797
(342) 2909759
(930) 8450197
(885) 2067143
(578) 4126743
(316) 8589421
(210) 9506860
(677) 2254441
(961) 7057323
(360) 5526722
(604) 7552114
(354) 2112191
(879) 9221922
(805) 6045322
(119) 5377177
(717) 6710002
(419) 9077404
(887) 6523262
(361) 2134533
(646) 6433924
(506) 7521797
(931) 1716788
(213) 5764844
(198) 3099224
(371) 3458963
(987) 1367772
(641) 4935427
(323) 8301559
(783) 8774625
(996) 3560128
(581) 6184366
(540) 3860811
(112) 1483011
(748) 8984739
(668) 7228984
(841) 2603927
(525) 6634196
(410) 7171243
(450) 7541913
(592) 4967558
(714) 2219981
(981) 4038481
(845) 7189649
(878) 3155342
(848) 9440882
(449) 3961078
(682) 6411319
(860) 6091290
(295) 6763412
(509) 2223807
(106) 8138225
(886) 7747076
(817) 4394441
(435) 5746073
(338) 2605424
(969) 1426727
(843) 3089352
(658) 3176086
(389) 1083071
(974) 2100690
(605) 8374369
(379) 6963357
(418) 9385652
(657) 2756145
(355) 4233039
(621) 3938096
(436) 1080315
(398) 2610603
(414) 7215018
(442) 1285131
(220) 5930607
(427) 3683184
(303) 3618610
(862) 9422205
(775) 3605736
(514) 7621925
(739) 6085352
(516) 5711825
(950) 9761675
(441) 2633515
(743) 5882070
(783) 3704695
(471) 4811862
(127) 9846101
(109) 1495322
(795) 1826364
(674) 1539006
(822) 3758904
(149) 1904272
(215) 7846670
(702) 8080260
(830) 3896745
(156) 3349843
(873) 4506823
(544) 3589620
(626) 5428047
(770) 7240669
(401) 5477412
(450) 9911004
(896) 6834589
(747) 4347393
(934) 5919699
(558) 2827122
(357) 8753269
(832) 2591421
(937) 4402427
(264) 9455763
(777) 2270005
(547) 9936230
(243) 9441194
(828) 1848227
(990) 6397927
(625) 3812746
(633) 1537002
(920) 6745868
(274) 3962448
(354) 8921472
(682) 3053273
(805) 5792392
(100) 3010996
(698) 7007972
(281) 8138675
(116) 9131545
(771) 5329412
(821) 1419567
(448) 2151505
(973) 6820849
(473) 2535702
(651) 4642997
(842) 2778882
(448) 6084303
(585) 5266323
(877) 6075562
(924) 4976675
(476) 6176599
(635) 6745749
(983) 4447005
(670) 9337138
(839) 8281668
(223) 1632169
(259) 3977011
(617) 2021182
(338) 7654810
(391) 4327339
(455) 7528716
(124) 8469581
(376) 6815662
(808) 7839327
(986) 2089488
(123) 9135080
(960) 2750040
(835) 1072696
(375) 6855608
(743) 4160633
(803) 8495784
(194) 5398408
(488) 5063031
(309) 7016518
(477) 7435288
(819) 3291622
(487) 3995643
(507) 7651533
(465) 5094487
(291) 9383918
(900) 5107568
(214) 8131625
(208) 3961404
(499) 1582183
(472) 6403179
(412) 4045476
(263) 9723566
(988) 7221417
(302) 2607849
(270) 8707421
(180) 1482641
(409) 7951009
(902) 4906403
(314) 4531943
(760) 1948597
(270) 1018194
(255) 5265985
(405) 7461307
(538) 8569634
(188) 7646176
(531) 2346021
(870) 5940082
(489) 5349176
(888) 7218628
(438) 6949373
(630) 3401811
(448) 1434095
(679) 5805477
(658) 6939181
(278) 2255627
(325) 6609179
(521) 4101116
(624) 1274702
(626) 1570762
(530) 9460849
(119) 6667088
(738) 5421800
(695) 1177371
(602) 5113861
(337) 4922227
(714) 3773741
(416) 3347125
(814) 7661173
(453) 5645603
(111) 5218154
(182) 5840094
(199) 3647573
(802) 3440854
(289) 3617281
(327) 5971099
(391) 2929419
(409) 4885821
(756) 4324229
(199) 9832454
(736) 9906679
(593) 8721606
(248) 9152034
(211) 4082727
(484) 5845444
(365) 4449731
(814) 2447174
(358) 1616414
(937) 1956569
(991) 6378295
(171) 3476179
(511) 3308488
(167) 9443011
(109) 5071457
(301) 4852175
(467) 2339125
(738) 2246618
(261) 6171237
(303) 2860298
(549) 3541861
(906) 9392308
(934) 1404939
(269) 3806065
(289) 7006810
(352) 8709897
(519) 5279383
(104) 4287214
(141) 6926332
(592) 1392498
(277) 3321396
(647) 9520062
(346) 8591533
(191) 2026330
(810) 5418712
(646) 2758824
(150) 7204970
(158) 8939427
(781) 9634243
(484) 4137608
(554) 6574341
(329) 4061799
(332) 8401821
(531) 1975823
(866) 9352252
(736) 7920109
(328) 7015128
(250) 2426809
(571) 1068712
(643) 7952680
(157) 7040269
(921) 2772093
(486) 2869326
(521) 2325857
(876) 6386144
(207) 6114614
(424) 2251366
(257) 3439079
(922) 1717029
(905) 2535178
(552) 6514107
(911) 5480808
(992) 2836310
(130) 4395089
(706) 8837081
(918) 8078416
(920) 4137451
(196) 7549265
(905) 2084267
(123) 8060115
(961) 1797720
(589) 6964690
(663) 1132200
(116) 7380570
(100) 3380880
(585) 1352862
(890) 4238751
(536) 5018071
(471) 4930852
(857) 3732216
(361) 7269892
(803) 3668210
(266) 2739915
(403) 9000808
(493) 1330649
(422) 3744218
(132) 9551551
(479) 9215816
(433) 5168921
(676) 5416141
(251) 4934851
(253) 6924394
(356) 6171609
(559) 4607071
(242) 7011169
(531) 7435107
(958) 5589095
(850) 4375298
(984) 9404656
(103) 9757695
(371) 8147687
(627) 4531022
(890) 6735368
(168) 8433119
(131) 1068103
(384) 1772702
(527) 4927958
(303) 7088321
(387) 4706131
(802) 6027227
(933) 6976292
(146) 2364627
(948) 8283175
(178) 6607836
(837) 5664172
(533) 5355082
(127) 7067505
(189) 3557181
(305) 5482985
(504) 4741759
(350) 1699822
(230) 4585414
(735) 4926975
(576) 4295622
(571) 5216549
(450) 7260747
(697) 4690482
(144) 6157110
(426) 4100767
(258) 1371156
(919) 8672638
(647) 9834637
(787) 3716152
(332) 9990140
(603) 4610787
(987) 7293107
(836) 7268967
(202) 3036473
(847) 7128313
(192) 3024570
(632) 7431123
(842) 3770202
(715) 7101466
(770) 4617113
(531) 4957787
(920) 7934805
(940) 5052790
(647) 9880438
(916) 9545725
(732) 1247997
(335) 9189607
(916) 5587214
(660) 4387164
(504) 1765790
(885) 7463316
(695) 7377336
(251) 6552810
(425) 6769433
(266) 8461108
(917) 8039955
(848) 1028268
(371) 5717067
(597) 1515623
(949) 5743632
(139) 3740801
(590) 3578177
(334) 9156339
(702) 9971307
(525) 1363452
(758) 6343024
(283) 5470074
(970) 8223437
(633) 7630600
(422) 3268440
(883) 3042523
(625) 7320957
(763) 1034739
(677) 6552217
(448) 4244824
(623) 1043119
(410) 2929418
(952) 9004179
(908) 1630258
(628) 5027061
(570) 1946910
(451) 4370690
(905) 3288264
(947) 1430935
(622) 6976681
(612) 2722105
(680) 4638348
(121) 7528153
(120) 9014141
(559) 1411312
(115) 7407320
(791) 4241217
(819) 8911636
(685) 7568310
(615) 8888333
(571) 6704316
(486) 4129001
(438) 9709597
(473) 8961250
(821) 3346090
(221) 6850428
(704) 3185410
(956) 5609094
(242) 3556522
(944) 3103708
(755) 2581871
(978) 1771222
(725) 6243717
(803) 2944029
(112) 4396075
(910) 8466394
(766) 2441559
(978) 2451455
(786) 4656079
(949) 2891862
(719) 3641516
(130) 4455083
(618) 5639787
(208) 1888526
(161) 4971947
(284) 3124461
(856) 5956068
(952) 6364188
(711) 4315135
(503) 9355495
(426) 6840590
(986) 9842848
(211) 1645978
(751) 8673252
(769) 2650281
(182) 5036935
(123) 2349604
(694) 5828429
(886) 3323877
(181) 8774039
(108) 3580743
(542) 4539199
(197) 9819941
(950) 8781951
(798) 1093496
(230) 1234969
(638) 7320932
(229) 1051832
(335) 7586394
(616) 9191975
(107) 1176063
(526) 6548768
(975) 8398880
(698) 3133791
(434) 8060905
(402) 2315140
(617) 1708433
(320) 3475754
(747) 1648769
(975) 5137022
(639) 2929040
(660) 1309349
(162) 9751640
(339) 1586223
(794) 8889017
(747) 9697619
(628) 7364954
(421) 8260982
(796) 2752815
(739) 7079104
(573) 8040270
(515) 2222168
(583) 6153725
(872) 5664164
(845) 7435034
(908) 9517721
(648) 8902318
(801) 3007673
(793) 5980324
(158) 4509098
(569) 2811057
(446) 5351461
(226) 7864439
(452) 3984525
(550) 7330271
(118) 4726492
(265) 1073148
(245) 7900677
(987) 9697767
(157) 1435627
(335) 3291386
(465) 1274365
(946) 5178134
(206) 5734941
(590) 2527814
(503) 9613856
(585) 5543765
(353) 7653970
(453) 4081954
(333) 3104442
(764) 6938789
(312) 5938156
(461) 7092429
(246) 4659290
(509) 4579273
(774) 7518507
(661) 9507372
(483) 5662065
(257) 4123816
(963) 1535244
(716) 1519336
(788) 7729406
(608) 7162482
(608) 4412553
(995) 1002606
(181) 6734883
(478) 8128069
(314) 1210742
(836) 9334653
(182) 7899455
(262) 5739942
(432) 9126272
(984) 6654906
(367) 7943755
(884) 8924877
(110) 6904882
(713) 2972776
(638) 2096481
(806) 4015814
(850) 6315443
(126) 3580815
(178) 3397893
(270) 1491052
(230) 5087181
(655) 2654684
(876) 9810493
(207) 8394946
(531) 8208870
(709) 6179020
(112) 9899566
(654) 1160448
(856) 2538812
(368) 6112149
(134) 4984319
(646) 7524898
(689) 7819856
(593) 2699051
(582) 5295765
(981) 5235589
(281) 6082341
(891) 9191617
(232) 9803295
(372) 4365469
(555) 4898861
(335) 2474950
(175) 4355740
(648) 2835561
(838) 5336942
(720) 1040069
(966) 5569588
(686) 3731777
(532) 9497427
(820) 2699776
(624) 6930875
(448) 6611616
(333) 6994856
(559) 8312812
(532) 7652226
(239) 2392445
(850) 7703109
(412) 6210016
(745) 6312159
(570) 1937274
(189) 3030914
(805) 6696226
(250) 7006202
(224) 7002230
(507) 9273728
(861) 1842294
(252) 1910857
(715) 7904360
(539) 2627825
(195) 6095363
(156) 9402718
(963) 4482389
(737) 5690138
(803) 4361517
(219) 7540710
(291) 7606989
(422) 9343621
(282) 5456192
(868) 1053946
(863) 4663383
(984) 6059492
(637) 8012403
(303) 1182585
(313) 3722733
(877) 7650226
(835) 2776593
(478) 4259267
(855) 4724835
(184) 5663861
(783) 3841673
(193) 8758406
(175) 3200630
(275) 1321939
(118) 6555753
(196) 8468366
(806) 8753804
(870) 1385869
(580) 7027215
(618) 6989080
(225) 2498117
(884) 7344601
(209) 3237654
(296) 5148214
(790) 8909923
(450) 8178847
(831) 3142594
(577) 8683126
(330) 6225320
(727) 3240729
(546) 1047191
(215) 1443288
(508) 6445682
(478) 8055211
(913) 7155822
(994) 3537701
(778) 9528700
(191) 7439643
(931) 4863441
(559) 8268098
(745) 9962395
(778) 4736953
(711) 2312138
(225) 7573645
(117) 6900661
(702) 5511998
(120) 2063653
(914) 4132506
(104) 3266409
(214) 1392237
(265) 1518724
(265) 5600808
(185) 1134363
(249) 8737764
(920) 3149256
(786) 8775507
(215) 9048025
(263) 9029357
(473) 3312973
(585) 1335015
(338) 6750180
(932) 4990774
(245) 3153315
(859) 9417217
(713) 3827829
(239) 1774725
(512) 5176514
(576) 3996015
(704) 4097823
(441) 5128144
(492) 6384807
(294) 2371829
(165) 2231249
(214) 9579552
(238) 6088902
(862) 2716275
(320) 6808489
(113) 6962348
(491) 3809694
(357) 8415509
(402) 6014797
(493) 7473550
(198) 1589910
(643) 3846480
(169) 1018570
(233) 8940364
(926) 7008604
(932) 8570048
(463) 7352456
(975) 8729108
(213) 8060466
(849) 2923227
(723) 4509980
(520) 1421033
(331) 6945905
(292) 1859830
(872) 1014251
(534) 2355103
(295) 5476312
(286) 6464252
(569) 1194927
(427) 1399796
(298) 7882164
(102) 9944484
(556) 1430551
(509) 7288976
(735) 3428343
(242) 8766266
(219) 8238729
(728) 2110396
(253) 3723781
(516) 8486533
(312) 6332743
(733) 9846795
(338) 5389359
(248) 2712451
(718) 6055480
(197) 6608360
(563) 9761985
(915) 8357557
(865) 7670102
(512) 5642213
(113) 1315146
(872) 8828758
(280) 5602534
(557) 4220038
(645) 6004859
(833) 4939692
(819) 9103164
(316) 7791503
(856) 2148152
(348) 9136596
(638) 3835690
(125) 3092673
(854) 9495400
(575) 4577597
(324) 2314701
(743) 3948021
(375) 3751103
(555) 6886996
(880) 8963128
(125) 2931208
(941) 2773970
(812) 3922976
(850) 4858450
(933) 3939146
(989) 5051344
(969) 6873737
(934) 6073571
(671) 3387143
(183) 4113272
(442) 8660058
(577) 6671144
(727) 5848387
(617) 3920040
(598) 4630527
(898) 5637921
(877) 6759361
(307) 7093257
(964) 1852916
(385) 3677878
(348) 7012515
(148) 7033261
(517) 2535634
(435) 7663351
(927) 2578165
(421) 7258109
(968) 6233750
(831) 3925111
(684) 6908877
(862) 1870054
(626) 2632818
(293) 9681613
(763) 7748931
(539) 1054171
(105) 6577970
(350) 8107664
(456) 3367358
(304) 3506756
(846) 9554214
(944) 5994908
(708) 3816770
(992) 1550433
(116) 1210928
(789) 3190851
(367) 2149563
(524) 8981564
(539) 5964912
(164) 5589793
(715) 1572678
(554) 5210213
(948) 8480746
(679) 5010468
(564) 1421589
(287) 1882004
(762) 3981905
(392) 9284630
(932) 7211265
(244) 2022166
(898) 5358300
(213) 3001591
(392) 1685228
(935) 2327528
(993) 4399210
(572) 2809981
(787) 2016714
(221) 4421178
(346) 2185236
(540) 1067354
(273) 9357433
(334) 1343489
(703) 5287159
(436) 9530386
(441) 3215291
(424) 9193337
(475) 6888948
(734) 2056807
(475) 3795720
(743) 3862364
(874) 4195661
(973) 6770413
(950) 3582939
(488) 2246614
(580) 6621376
(167) 2590955
(842) 2746021
(365) 4113582
(469) 2523585
(768) 9457462
(679) 1166776
(969) 4519293
(219) 7091091
(978) 2981881
(291) 9720837
(106) 4808287
(432) 7483997
(867) 1233655
(463) 5237050
(278) 1007707
(501) 2580771
(347) 1497523
(368) 4847037
(337) 5279191
(713) 4871234
(782) 9970513
(884) 1814687
(295) 8589850
(260) 4284419
(554) 1657975
(333) 5113071
(929) 2964605
(882) 6399392
(512) 1987332
(404) 6079005
(462) 1784617
(786) 1738625
(686) 2548037
(232) 7161665
(524) 7823616
(575) 6117374
(722) 5683292
(240) 8305949
(753) 8520273
(100) 4914042
(423) 8684263
(660) 5283279
(653) 1475046
(793) 2266704
(385) 2575291
(633) 3399521
(623) 7340364
(519) 5137136
(723) 5519325
(999) 3904251
(721) 8295204
(702) 8520719
(136) 2146196
(896) 2182430
(784) 2751392
(524) 3785555
(462) 7745659
(545) 9705798
(261) 7036194
(762) 9169112
(857) 6780924
(144) 2864744
(855) 7853950
(728) 6863928
(519) 4166098
(313) 7009954
(655) 1828403
(471) 9222176
(178) 3101812
(429) 9376718
(423) 2775061
(678) 3200604
(334) 4988994
(554) 1475550
(876) 6288963
(458) 7921504
(458) 5047880
(976) 7661517
(428) 4999753
(110) 3410052
(888) 9561550
(106) 1828616
(613) 6313362
(888) 2638245
(371) 3925244
(435) 7320127
(268) 5272583
(922) 7102615
(909) 8167552
(559) 3945245
(412) 3158601
(157) 5324692
(435) 7914874
(634) 9618033
(103) 7105607
(156) 2133899
(773) 5706444
(122) 9714812
(701) 9220242
(520) 6663972
(235) 9865076
(686) 1288580
(497) 9183299
(155) 3817793
(982) 4106931
(974) 1004676
(231) 4136784
(477) 2703226
(545) 1779764
(188) 3260724
(749) 3963597
(313) 3945576
(745) 8396143